-48.25,-51.45,-48.55,-43.13,-53.55,-49.68,-53.55,-53.74,-46.56,-45.09,-45.48,-50.74,-53.47,-53.33,-47.50,-49.38,-45.52,-43.38,-50.15,-51.20,-44.29,-42.87,-53.27,-47.19,-44.50,-48.25,-46.98,-48.83,-49.46,-50.12,-46.65,-42.22,-48.84,-47.24,-48.94,-47.47,-43.58,-42.19,-45.38,-44.42,-47.56
-53.74
0.135463
-48.25,-51.45,-48.55,-43.13,-53.55,-49.68,-53.55,-53.74,-46.56,-45.09,-45.48,-50.74,-53.47,-53.33,-47.50,-49.38,-45.52,-43.38,-50.15,-51.20,-44.29,-42.87,-53.27,-47.19,-44.50,-48.25,-46.98,-48.83,-49.46,-50.12,-46.65,-42.22,-48.84,-47.24,-48.94,-47.47,-43.58,-42.19,-45.38,-44.42,-47.56
-53.74
0.082594
-48.25,-51.45,-48.55,-43.13,-53.55,-49.68,-53.55,-53.74,-46.56,-45.09,-45.48,-50.74,-53.47,-53.33,-47.50,-49.38,-45.52,-43.38,-50.15,-51.20,-44.29,-42.87,-53.27,-47.19,-44.50,-48.25,-46.98,-48.83,-49.46,-50.12,-46.65,-42.22,-48.84,-47.24,-48.94,-47.47,-43.58,-42.19,-45.38,-44.42,-47.56
-53.74
0.082594
-48.25,-51.45,-48.55,-43.13,-53.55,-49.68,-53.55,-53.74,-46.56,-45.09,-45.48,-50.74,-53.47,-53.33,-47.50,-49.38,-45.52,-43.38,-50.15,-51.20,-44.29,-42.87,-53.27,-47.19,-44.50,-48.25,-46.98,-48.83,-49.46,-50.12,-46.65,-42.22,-48.84,-47.24,-48.94,-47.47,-43.58,-42.19,-45.38,-44.42,-47.56
-53.74
0.354384
-48.25,-51.45,-48.55,-43.13,-53.55,-49.68,-53.55,-53.74,-46.56,-45.09,-45.48,-50.74,-53.47,-53.33,-47.50,-49.38,-45.52,-43.38,-50.15,-51.20,-44.29,-42.87,-53.27,-47.19,-44.50,-48.25,-46.98,-48.83,-49.46,-50.12,-46.65,-42.22,-48.84,-47.24,-48.94,-47.47,-43.58,-42.19,-45.38,-44.42,-47.56
-53.74
0.339690
-48.25,-51.45,-48.55,-43.13,-53.55,-49.68,-53.55,-53.74,-46.56,-45.09,-45.48,-50.74,-53.47,-53.33,-47.50,-49.38,-45.52,-43.38,-50.15,-51.20,-44.29,-42.87,-53.27,-47.19,-44.50,-48.25,-46.98,-48.83,-49.46,-50.12,-46.65,-42.22,-48.84,-47.24,-48.94,-47.47,-43.58,-42.19,-45.38,-44.42,-47.56
-53.74
0.337630
-48.25,-51.45,-48.55,-43.13,-53.55,-49.68,-53.55,-53.74,-46.56,-45.09,-45.48,-50.74,-53.47,-53.33,-47.50,-49.38,-45.52,-43.38,-50.15,-51.20,-44.29,-42.87,-53.27,-47.19,-44.50,-48.25,-46.98,-48.83,-49.46,-50.12,-46.65,-42.22,-48.84,-47.24,-48.94,-47.47,-43.58,-42.19,-45.38,-44.42,-47.56
-53.74
0.135645
-48.25,-51.45,-48.55,-43.13,-53.55,-49.68,-53.55,-53.74,-46.56,-45.09,-45.48,-50.74,-53.47,-53.33,-47.50,-49.38,-45.52,-43.38,-50.15,-51.20,-44.29,-42.87,-53.27,-47.19,-44.50,-48.25,-46.98,-48.83,-49.46,-50.12,-46.65,-42.22,-48.84,-47.24,-48.94,-47.47,-43.58,-42.19,-45.38,-44.42,-47.56
-53.74
0.082166
-48.25,-51.45,-48.55,-43.13,-53.55,-49.68,-53.55,-53.74,-46.56,-45.09,-45.48,-50.74,-53.47,-53.33,-47.50,-49.38,-45.52,-43.38,-50.15,-51.20,-44.29,-42.87,-53.27,-47.19,-44.50,-48.25,-46.98,-48.83,-49.46,-50.12,-46.65,-42.22,-48.84,-47.24,-48.94,-47.47,-43.58,-42.19,-45.38,-44.42,-47.56
-53.74
0.061195
-48.25,-51.45,-48.55,-43.13,-53.55,-49.68,-53.55,-53.74,-46.56,-45.09,-45.48,-50.74,-53.47,-53.33,-47.50,-49.38,-45.52,-43.38,-50.15,-51.20,-44.29,-42.87,-53.27,-47.19,-44.50,-48.25,-46.98,-48.83,-49.46,-50.12,-46.65,-42.22,-48.84,-47.24,-48.94,-47.47,-43.58,-42.19,-45.38,-44.42,-47.56
-53.74
0.354900
-48.25,-51.45,-48.55,-43.13,-53.55,-49.68,-53.55,-53.74,-46.56,-45.09,-45.48,-50.74,-53.47,-53.33,-47.50,-49.38,-45.52,-43.38,-50.15,-51.20,-44.29,-42.87,-53.27,-47.19,-44.50,-48.25,-46.98,-48.83,-49.46,-50.12,-46.65,-42.22,-48.84,-47.24,-48.94,-47.47,-43.58,-42.19,-45.38,-44.42,-47.56
-53.74
0.344009
-48.25,-51.45,-48.55,-43.13,-53.55,-49.68,-53.55,-53.74,-46.56,-45.09,-45.48,-50.74,-53.47,-53.33,-47.50,-49.38,-45.52,-43.38,-50.15,-51.20,-44.29,-42.87,-53.27,-47.19,-44.50,-48.25,-46.98,-48.83,-49.46,-50.12,-46.65,-42.22,-48.84,-47.24,-48.94,-47.47,-43.58,-42.19,-45.38,-44.42,-47.56
-53.74
0.328487
-48.25,-51.45,-48.55,-43.13,-53.55,-49.68,-53.55,-53.74,-46.56,-45.09,-45.48,-50.74,-53.47,-53.33,-47.50,-49.38,-45.52,-43.38,-50.15,-51.20,-44.29,-42.87,-53.27,-47.19,-44.50,-48.25,-46.98,-48.83,-49.46,-50.12,-46.65,-42.22,-48.84,-47.24,-48.94,-47.47,-43.58,-42.19,-45.38,-44.42,-47.56
-53.74
0.136831
-48.25,-51.45,-48.55,-43.13,-53.55,-49.68,-53.55,-53.74,-46.56,-45.09,-45.48,-50.74,-53.47,-53.33,-47.50,-49.38,-45.52,-43.38,-50.15,-51.20,-44.29,-42.87,-53.27,-47.19,-44.50,-48.25,-46.98,-48.83,-49.46,-50.12,-46.65,-42.22,-48.84,-47.24,-48.94,-47.47,-43.58,-42.19,-45.38,-44.42,-47.56
-53.74
0.082978
-48.25,-51.45,-48.55,-43.13,-53.55,-49.68,-53.55,-53.74,-46.56,-45.09,-45.48,-50.74,-53.47,-53.33,-47.50,-49.38,-45.52,-43.38,-50.15,-51.20,-44.29,-42.87,-53.27,-47.19,-44.50,-48.25,-46.98,-48.83,-49.46,-50.12,-46.65,-42.22,-48.84,-47.24,-48.94,-47.47,-43.58,-42.19,-45.38,-44.42,-47.56
-53.74
0.061678
-48.25,-51.45,-48.55,-43.13,-53.55,-49.68,-53.55,-53.74,-46.56,-45.09,-45.48,-50.74,-53.47,-53.33,-47.50,-49.38,-45.52,-43.38,-50.15,-51.20,-44.29,-42.87,-53.27,-47.19,-44.50,-48.25,-46.98,-48.83,-49.46,-50.12,-46.65,-42.22,-48.84,-47.24,-48.94,-47.47,-43.58,-42.19,-45.38,-44.42,-47.56
-53.74
0.354876
-48.25,-51.45,-48.55,-43.13,-53.55,-49.68,-53.55,-53.74,-46.56,-45.09,-45.48,-50.74,-53.47,-53.33,-47.50,-49.38,-45.52,-43.38,-50.15,-51.20,-44.29,-42.87,-53.27,-47.19,-44.50,-48.25,-46.98,-48.83,-49.46,-50.12,-46.65,-42.22,-48.84,-47.24,-48.94,-47.47,-43.58,-42.19,-45.38,-44.42,-47.56
-53.74
0.339610
-48.25,-51.45,-48.55,-43.13,-53.55,-49.68,-53.55,-53.74,-46.56,-45.09,-45.48,-50.74,-53.47,-53.33,-47.50,-49.38,-45.52,-43.38,-50.15,-51.20,-44.29,-42.87,-53.27,-47.19,-44.50,-48.25,-46.98,-48.83,-49.46,-50.12,-46.65,-42.22,-48.84,-47.24,-48.94,-47.47,-43.58,-42.19,-45.38,-44.42,-47.56
-53.74
0.337093
-48.25,-51.45,-48.55,-43.13,-53.55,-49.68,-53.55,-53.74,-46.56,-45.09,-45.48,-50.74,-53.47,-53.33,-47.50,-49.38,-45.52,-43.38,-50.15,-51.20,-44.29,-42.87,-53.27,-47.19,-44.50,-48.25,-46.98,-48.83,-49.46,-50.12,-46.65,-42.22,-48.84,-47.24,-48.94,-47.47,-43.58,-42.19,-45.38,-44.42,-47.56
-53.74
0.135442
-48.25,-51.45,-48.55,-43.13,-53.55,-49.68,-53.55,-53.74,-46.56,-45.09,-45.48,-50.74,-53.47,-53.33,-47.50,-49.38,-45.52,-43.38,-50.15,-51.20,-44.29,-42.87,-53.27,-47.19,-44.50,-48.25,-46.98,-48.83,-49.46,-50.12,-46.65,-42.22,-48.84,-47.24,-48.94,-47.47,-43.58,-42.19,-45.38,-44.42,-47.56
-53.74
0.082430
-48.25,-51.45,-48.55,-43.13,-53.55,-49.68,-53.55,-53.74,-46.56,-45.09,-45.48,-50.74,-53.47,-53.33,-47.50,-49.38,-45.52,-43.38,-50.15,-51.20,-44.29,-42.87,-53.27,-47.19,-44.50,-48.25,-46.98,-48.83,-49.46,-50.12,-46.65,-42.22,-48.84,-47.24,-48.94,-47.47,-43.58,-42.19,-45.38,-44.42,-47.56
-53.74
0.061892
-48.25,-51.45,-48.55,-43.13,-53.55,-49.68,-53.55,-53.74,-46.56,-45.09,-45.48,-50.74,-53.47,-53.33,-47.50,-49.38,-45.52,-43.38,-50.15,-51.20,-44.29,-42.87,-53.27,-47.19,-44.50,-48.25,-46.98,-48.83,-49.46,-50.12,-46.65,-42.22,-48.84,-47.24,-48.94,-47.47,-43.58,-42.19,-45.38,-44.42,-47.56
-53.74
0.354599
-48.25,-51.45,-48.55,-43.13,-53.55,-49.68,-53.55,-53.74,-46.56,-45.09,-45.48,-50.74,-53.47,-53.33,-47.50,-49.38,-45.52,-43.38,-50.15,-51.20,-44.29,-42.87,-53.27,-47.19,-44.50,-48.25,-46.98,-48.83,-49.46,-50.12,-46.65,-42.22,-48.84,-47.24,-48.94,-47.47,-43.58,-42.19,-45.38,-44.42,-47.56
-53.74
0.339466
-48.25,-51.45,-48.55,-43.13,-53.55,-49.68,-53.55,-53.74,-46.56,-45.09,-45.48,-50.74,-53.47,-53.33,-47.50,-49.38,-45.52,-43.38,-50.15,-51.20,-44.29,-42.87,-53.27,-47.19,-44.50,-48.25,-46.98,-48.83,-49.46,-50.12,-46.65,-42.22,-48.84,-47.24,-48.94,-47.47,-43.58,-42.19,-45.38,-44.42,-47.56
-53.74
0.327762
-48.25,-51.45,-48.55,-43.13,-53.55,-49.68,-53.55,-53.74,-46.56,-45.09,-45.48,-50.74,-53.47,-53.33,-47.50,-49.38,-45.52,-43.38,-50.15,-51.20,-44.29,-42.87,-53.27,-47.19,-44.50,-48.25,-46.98,-48.83,-49.46,-50.12,-46.65,-42.22,-48.84,-47.24,-48.94,-47.47,-43.58,-42.19,-45.38,-44.42,-47.56
-53.74
0.135524
-48.25,-51.45,-48.55,-43.13,-53.55,-49.68,-53.55,-53.74,-46.56,-45.09,-45.48,-50.74,-53.47,-53.33,-47.50,-49.38,-45.52,-43.38,-50.15,-51.20,-44.29,-42.87,-53.27,-47.19,-44.50,-48.25,-46.98,-48.83,-49.46,-50.12,-46.65,-42.22,-48.84,-47.24,-48.94,-47.47,-43.58,-42.19,-45.38,-44.42,-47.56
-53.74
0.082680
-48.25,-51.45,-48.55,-43.13,-53.55,-49.68,-53.55,-53.74,-46.56,-45.09,-45.48,-50.74,-53.47,-53.33,-47.50,-49.38,-45.52,-43.38,-50.15,-51.20,-44.29,-42.87,-53.27,-47.19,-44.50,-48.25,-46.98,-48.83,-49.46,-50.12,-46.65,-42.22,-48.84,-47.24,-48.94,-47.47,-43.58,-42.19,-45.38,-44.42,-47.56
-53.74
0.061839
-48.25,-51.45,-48.55,-43.13,-53.55,-49.68,-53.55,-53.74,-46.56,-45.09,-45.48,-50.74,-53.47,-53.33,-47.50,-49.38,-45.52,-43.38,-50.15,-51.20,-44.29,-42.87,-53.27,-47.19,-44.50,-48.25,-46.98,-48.83,-49.46,-50.12,-46.65,-42.22,-48.84,-47.24,-48.94,-47.47,-43.58,-42.19,-45.38,-44.42,-47.56
-53.74
0.359770
-48.25,-51.45,-48.55,-43.13,-53.55,-49.68,-53.55,-53.74,-46.56,-45.09,-45.48,-50.74,-53.47,-53.33,-47.50,-49.38,-45.52,-43.38,-50.15,-51.20,-44.29,-42.87,-53.27,-47.19,-44.50,-48.25,-46.98,-48.83,-49.46,-50.12,-46.65,-42.22,-48.84,-47.24,-48.94,-47.47,-43.58,-42.19,-45.38,-44.42,-47.56
-53.74
0.338824
-48.25,-51.45,-48.55,-43.13,-53.55,-49.68,-53.55,-53.74,-46.56,-45.09,-45.48,-50.74,-53.47,-53.33,-47.50,-49.38,-45.52,-43.38,-50.15,-51.20,-44.29,-42.87,-53.27,-47.19,-44.50,-48.25,-46.98,-48.83,-49.46,-50.12,-46.65,-42.22,-48.84,-47.24,-48.94,-47.47,-43.58,-42.19,-45.38,-44.42,-47.56
-53.74
0.327455
-48.25,-51.45,-48.55,-43.13,-53.55,-49.68,-53.55,-53.74,-46.56,-45.09,-45.48,-50.74,-53.47,-53.33,-47.50,-49.38,-45.52,-43.38,-50.15,-51.20,-44.29,-42.87,-53.27,-47.19,-44.50,-48.25,-46.98,-48.83,-49.46,-50.12,-46.65,-42.22,-48.84,-47.24,-48.94,-47.47,-43.58,-42.19,-45.38,-44.42,-47.56
-53.74
0.135414
-48.25,-51.45,-48.55,-43.13,-53.55,-49.68,-53.55,-53.74,-46.56,-45.09,-45.48,-50.74,-53.47,-53.33,-47.50,-49.38,-45.52,-43.38,-50.15,-51.20,-44.29,-42.87,-53.27,-47.19,-44.50,-48.25,-46.98,-48.83,-49.46,-50.12,-46.65,-42.22,-48.84,-47.24,-48.94,-47.47,-43.58,-42.19,-45.38,-44.42,-47.56
-53.74
0.082578
-48.25,-51.45,-48.55,-43.13,-53.55,-49.68,-53.55,-53.74,-46.56,-45.09,-45.48,-50.74,-53.47,-53.33,-47.50,-49.38,-45.52,-43.38,-50.15,-51.20,-44.29,-42.87,-53.27,-47.19,-44.50,-48.25,-46.98,-48.83,-49.46,-50.12,-46.65,-42.22,-48.84,-47.24,-48.94,-47.47,-43.58,-42.19,-45.38,-44.42,-47.56
-53.74
0.082367
-48.25,-51.45,-48.55,-43.13,-53.55,-49.68,-53.55,-53.74,-46.56,-45.09,-45.48,-50.74,-53.47,-53.33,-47.50,-49.38,-45.52,-43.38,-50.15,-51.20,-44.29,-42.87,-53.27,-47.19,-44.50,-48.25,-46.98,-48.83,-49.46,-50.12,-46.65,-42.22,-48.84,-47.24,-48.94,-47.47,-43.58,-42.19,-45.38,-44.42,-47.56
-53.74
0.354575
-48.25,-51.45,-48.55,-43.13,-53.55,-49.68,-53.55,-53.74,-46.56,-45.09,-45.48,-50.74,-53.47,-53.33,-47.50,-49.38,-45.52,-43.38,-50.15,-51.20,-44.29,-42.87,-53.27,-47.19,-44.50,-48.25,-46.98,-48.83,-49.46,-50.12,-46.65,-42.22,-48.84,-47.24,-48.94,-47.47,-43.58,-42.19,-45.38,-44.42,-47.56
-53.74
0.338925
-48.25,-51.45,-48.55,-43.13,-53.55,-49.68,-53.55,-53.74,-46.56,-45.09,-45.48,-50.74,-53.47,-53.33,-47.50,-49.38,-45.52,-43.38,-50.15,-51.20,-44.29,-42.87,-53.27,-47.19,-44.50,-48.25,-46.98,-48.83,-49.46,-50.12,-46.65,-42.22,-48.84,-47.24,-48.94,-47.47,-43.58,-42.19,-45.38,-44.42,-47.56
-53.74
0.328005
-48.25,-51.45,-48.55,-43.13,-53.55,-49.68,-53.55,-53.74,-46.56,-45.09,-45.48,-50.74,-53.47,-53.33,-47.50,-49.38,-45.52,-43.38,-50.15,-51.20,-44.29,-42.87,-53.27,-47.19,-44.50,-48.25,-46.98,-48.83,-49.46,-50.12,-46.65,-42.22,-48.84,-47.24,-48.94,-47.47,-43.58,-42.19,-45.38,-44.42,-47.56
-53.74
0.135531
-48.25,-51.45,-48.55,-43.13,-53.55,-49.68,-53.55,-53.74,-46.56,-45.09,-45.48,-50.74,-53.47,-53.33,-47.50,-49.38,-45.52,-43.38,-50.15,-51.20,-44.29,-42.87,-53.27,-47.19,-44.50,-48.25,-46.98,-48.83,-49.46,-50.12,-46.65,-42.22,-48.84,-47.24,-48.94,-47.47,-43.58,-42.19,-45.38,-44.42,-47.56
-53.74
0.082027
-48.25,-51.45,-48.55,-43.13,-53.55,-49.68,-53.55,-53.74,-46.56,-45.09,-45.48,-50.74,-53.47,-53.33,-47.50,-49.38,-45.52,-43.38,-50.15,-51.20,-44.29,-42.87,-53.27,-47.19,-44.50,-48.25,-46.98,-48.83,-49.46,-50.12,-46.65,-42.22,-48.84,-47.24,-48.94,-47.47,-43.58,-42.19,-45.38,-44.42,-47.56
-53.74
0.081808
-48.25,-51.45,-48.55,-43.13,-53.55,-49.68,-53.55,-53.74,-46.56,-45.09,-45.48,-50.74,-53.47,-53.33,-47.50,-49.38,-45.52,-43.38,-50.15,-51.20,-44.29,-42.87,-53.27,-47.19,-44.50,-48.25,-46.98,-48.83,-49.46,-50.12,-46.65,-42.22,-48.84,-47.24,-48.94,-47.47,-43.58,-42.19,-45.38,-44.42,-47.56
-53.74
0.360953
-48.25,-51.45,-48.55,-43.13,-53.55,-49.68,-53.55,-53.74,-46.56,-45.09,-45.48,-50.74,-53.47,-53.33,-47.50,-49.38,-45.52,-43.38,-50.15,-51.20,-44.29,-42.87,-53.27,-47.19,-44.50,-48.25,-46.98,-48.83,-49.46,-50.12,-46.65,-42.22,-48.84,-47.24,-48.94,-47.47,-43.58,-42.19,-45.38,-44.42,-47.56
-53.74
0.338634
-48.25,-51.45,-48.55,-43.13,-53.55,-49.68,-53.55,-53.74,-46.56,-45.09,-45.48,-50.74,-53.47,-53.33,-47.50,-49.38,-45.52,-43.38,-50.15,-51.20,-44.29,-42.87,-53.27,-47.19,-44.50,-48.25,-46.98,-48.83,-49.46,-50.12,-46.65,-42.22,-48.84,-47.24,-48.94,-47.47,-43.58,-42.19,-45.38,-44.42,-47.56
-53.74
0.329158
-48.25,-51.45,-48.55,-43.13,-53.55,-49.68,-53.55,-53.74,-46.56,-45.09,-45.48,-50.74,-53.47,-53.33,-47.50,-49.38,-45.52,-43.38,-50.15,-51.20,-44.29,-42.87,-53.27,-47.19,-44.50,-48.25,-46.98,-48.83,-49.46,-50.12,-46.65,-42.22,-48.84,-47.24,-48.94,-47.47,-43.58,-42.19,-45.38,-44.42,-47.56
-53.74
0.136204
-48.25,-51.45,-48.55,-43.13,-53.55,-49.68,-53.55,-53.74,-46.56,-45.09,-45.48,-50.74,-53.47,-53.33,-47.50,-49.38,-45.52,-43.38,-50.15,-51.20,-44.29,-42.87,-53.27,-47.19,-44.50,-48.25,-46.98,-48.83,-49.46,-50.12,-46.65,-42.22,-48.84,-47.24,-48.94,-47.47,-43.58,-42.19,-45.38,-44.42,-47.56
-53.74
0.083058
-48.25,-51.45,-48.55,-43.13,-53.55,-49.68,-53.55,-53.74,-46.56,-45.09,-45.48,-50.74,-53.47,-53.33,-47.50,-49.38,-45.52,-43.38,-50.15,-51.20,-44.29,-42.87,-53.27,-47.19,-44.50,-48.25,-46.98,-48.83,-49.46,-50.12,-46.65,-42.22,-48.84,-47.24,-48.94,-47.47,-43.58,-42.19,-45.38,-44.42,-47.56
-53.74
0.061220
-48.25,-51.45,-48.55,-43.13,-53.55,-49.68,-53.55,-53.74,-46.56,-45.09,-45.48,-50.74,-53.47,-53.33,-47.50,-49.38,-45.52,-43.38,-50.15,-51.20,-44.29,-42.87,-53.27,-47.19,-44.50,-48.25,-46.98,-48.83,-49.46,-50.12,-46.65,-42.22,-48.84,-47.24,-48.94,-47.47,-43.58,-42.19,-45.38,-44.42,-47.56
-53.74
0.355508
-48.25,-51.45,-48.55,-43.13,-53.55,-49.68,-53.55,-53.74,-46.56,-45.09,-45.48,-50.74,-53.47,-53.33,-47.50,-49.38,-45.52,-43.38,-50.15,-51.20,-44.29,-42.87,-53.27,-47.19,-44.50,-48.25,-46.98,-48.83,-49.46,-50.12,-46.65,-42.22,-48.84,-47.24,-48.94,-47.47,-43.58,-42.19,-45.38,-44.42,-47.56
-53.74
0.339695
-48.25,-51.45,-48.55,-43.13,-53.55,-49.68,-53.55,-53.74,-46.56,-45.09,-45.48,-50.74,-53.47,-53.33,-47.50,-49.38,-45.52,-43.38,-50.15,-51.20,-44.29,-42.87,-53.27,-47.19,-44.50,-48.25,-46.98,-48.83,-49.46,-50.12,-46.65,-42.22,-48.84,-47.24,-48.94,-47.47,-43.58,-42.19,-45.38,-44.42,-47.56
-53.74
0.340956
-48.25,-51.45,-48.55,-43.13,-53.55,-49.68,-53.55,-53.74,-46.56,-45.09,-45.48,-50.74,-53.47,-53.33,-47.50,-49.38,-45.52,-43.38,-50.15,-51.20,-44.29,-42.87,-53.27,-47.19,-44.50,-48.25,-46.98,-48.83,-49.46,-50.12,-46.65,-42.22,-48.84,-47.24,-48.94,-47.47,-43.58,-42.19,-45.38,-44.42,-47.56
-53.74
0.135402
-48.25,-51.45,-48.55,-43.13,-53.55,-49.68,-53.55,-53.74,-46.56,-45.09,-45.48,-50.74,-53.47,-53.33,-47.50,-49.38,-45.52,-43.38,-50.15,-51.20,-44.29,-42.87,-53.27,-47.19,-44.50,-48.25,-46.98,-48.83,-49.46,-50.12,-46.65,-42.22,-48.84,-47.24,-48.94,-47.47,-43.58,-42.19,-45.38,-44.42,-47.56
-53.74
0.082424
-48.25,-51.45,-48.55,-43.13,-53.55,-49.68,-53.55,-53.74,-46.56,-45.09,-45.48,-50.74,-53.47,-53.33,-47.50,-49.38,-45.52,-43.38,-50.15,-51.20,-44.29,-42.87,-53.27,-47.19,-44.50,-48.25,-46.98,-48.83,-49.46,-50.12,-46.65,-42.22,-48.84,-47.24,-48.94,-47.47,-43.58,-42.19,-45.38,-44.42,-47.56
-53.74
0.061141
-48.25,-51.45,-48.55,-43.13,-53.55,-49.68,-53.55,-53.74,-46.56,-45.09,-45.48,-50.74,-53.47,-53.33,-47.50,-49.38,-45.52,-43.38,-50.15,-51.20,-44.29,-42.87,-53.27,-47.19,-44.50,-48.25,-46.98,-48.83,-49.46,-50.12,-46.65,-42.22,-48.84,-47.24,-48.94,-47.47,-43.58,-42.19,-45.38,-44.42,-47.56
-53.74
0.354654
-48.25,-51.45,-48.55,-43.13,-53.55,-49.68,-53.55,-53.74,-46.56,-45.09,-45.48,-50.74,-53.47,-53.33,-47.50,-49.38,-45.52,-43.38,-50.15,-51.20,-44.29,-42.87,-53.27,-47.19,-44.50,-48.25,-46.98,-48.83,-49.46,-50.12,-46.65,-42.22,-48.84,-47.24,-48.94,-47.47,-43.58,-42.19,-45.38,-44.42,-47.56
-53.74
0.338449
-48.25,-51.45,-48.55,-43.13,-53.55,-49.68,-53.55,-53.74,-46.56,-45.09,-45.48,-50.74,-53.47,-53.33,-47.50,-49.38,-45.52,-43.38,-50.15,-51.20,-44.29,-42.87,-53.27,-47.19,-44.50,-48.25,-46.98,-48.83,-49.46,-50.12,-46.65,-42.22,-48.84,-47.24,-48.94,-47.47,-43.58,-42.19,-45.38,-44.42,-47.56
-53.74
0.328231
-48.25,-51.45,-48.55,-43.13,-53.55,-49.68,-53.55,-53.74,-46.56,-45.09,-45.48,-50.74,-53.47,-53.33,-47.50,-49.38,-45.52,-43.38,-50.15,-51.20,-44.29,-42.87,-53.27,-47.19,-44.50,-48.25,-46.98,-48.83,-49.46,-50.12,-46.65,-42.22,-48.84,-47.24,-48.94,-47.47,-43.58,-42.19,-45.38,-44.42,-47.56
-53.74
0.135474
-48.25,-51.45,-48.55,-43.13,-53.55,-49.68,-53.55,-53.74,-46.56,-45.09,-45.48,-50.74,-53.47,-53.33,-47.50,-49.38,-45.52,-43.38,-50.15,-51.20,-44.29,-42.87,-53.27,-47.19,-44.50,-48.25,-46.98,-48.83,-49.46,-50.12,-46.65,-42.22,-48.84,-47.24,-48.94,-47.47,-43.58,-42.19,-45.38,-44.42,-47.56
-53.74
0.083026
-48.25,-51.45,-48.55,-43.13,-53.55,-49.68,-53.55,-53.74,-46.56,-45.09,-45.48,-50.74,-53.47,-53.33,-47.50,-49.38,-45.52,-43.38,-50.15,-51.20,-44.29,-42.87,-53.27,-47.19,-44.50,-48.25,-46.98,-48.83,-49.46,-50.12,-46.65,-42.22,-48.84,-47.24,-48.94,-47.47,-43.58,-42.19,-45.38,-44.42,-47.56
-53.74
0.061672
-48.25,-51.45,-48.55,-43.13,-53.55,-49.68,-53.55,-53.74,-46.56,-45.09,-45.48,-50.74,-53.47,-53.33,-47.50,-49.38,-45.52,-43.38,-50.15,-51.20,-44.29,-42.87,-53.27,-47.19,-44.50,-48.25,-46.98,-48.83,-49.46,-50.12,-46.65,-42.22,-48.84,-47.24,-48.94,-47.47,-43.58,-42.19,-45.38,-44.42,-47.56
-53.74
0.361652
-48.25,-51.45,-48.55,-43.13,-53.55,-49.68,-53.55,-53.74,-46.56,-45.09,-45.48,-50.74,-53.47,-53.33,-47.50,-49.38,-45.52,-43.38,-50.15,-51.20,-44.29,-42.87,-53.27,-47.19,-44.50,-48.25,-46.98,-48.83,-49.46,-50.12,-46.65,-42.22,-48.84,-47.24,-48.94,-47.47,-43.58,-42.19,-45.38,-44.42,-47.56
-53.74
0.339096
-48.25,-51.45,-48.55,-43.13,-53.55,-49.68,-53.55,-53.74,-46.56,-45.09,-45.48,-50.74,-53.47,-53.33,-47.50,-49.38,-45.52,-43.38,-50.15,-51.20,-44.29,-42.87,-53.27,-47.19,-44.50,-48.25,-46.98,-48.83,-49.46,-50.12,-46.65,-42.22,-48.84,-47.24,-48.94,-47.47,-43.58,-42.19,-45.38,-44.42,-47.56
-53.74
0.337178
