-48.25,-51.45,-48.55,-43.13,-53.55,-49.68,-53.55,-53.74,-46.56,-45.09,-45.48,-50.74,-53.47,-53.33,-47.50,-49.38,-45.52,-43.38,-50.15,-51.20,-44.29,-42.87,-53.27,-47.19,-44.50,-48.25,-46.98,-48.83,-49.46,-50.12,-46.65,-42.22,-48.84,-47.24,-48.94,-47.47,-43.58,-42.19,-45.38,-44.42,-47.56
-53.74
0.051349
-48.25,-51.45,-48.55,-43.13,-53.55,-49.68,-53.55,-53.74,-46.56,-45.09,-45.48,-50.74,-53.47,-53.33,-47.50,-49.38,-45.52,-43.38,-50.15,-51.20,-44.29,-42.87,-53.27,-47.19,-44.50,-48.25,-46.98,-48.83,-49.46,-50.12,-46.65,-42.22,-48.84,-47.24,-48.94,-47.47,-43.58,-42.19,-45.38,-44.42,-47.56
-53.74
0.051349
-48.25,-51.45,-48.55,-43.13,-53.55,-49.68,-53.55,-53.74,-46.56,-45.09,-45.48,-50.74,-53.47,-53.33,-47.50,-49.38,-45.52,-43.38,-50.15,-51.20,-44.29,-42.87,-53.27,-47.19,-44.50,-48.25,-46.98,-48.83,-49.46,-50.12,-46.65,-42.22,-48.84,-47.24,-48.94,-47.47,-43.58,-42.19,-45.38,-44.42,-47.56
-53.74
0.051349
-48.25,-51.45,-48.55,-43.13,-53.55,-49.68,-53.55,-53.74,-46.56,-45.09,-45.48,-50.74,-53.47,-53.33,-47.50,-49.38,-45.52,-43.38,-50.15,-51.20,-44.29,-42.87,-53.27,-47.19,-44.50,-48.25,-46.98,-48.83,-49.46,-50.12,-46.65,-42.22,-48.84,-47.24,-48.94,-47.47,-43.58,-42.19,-45.38,-44.42,-47.56
-53.74
0.051349
-48.25,-51.45,-48.55,-43.13,-53.55,-49.68,-53.55,-53.74,-46.56,-45.09,-45.48,-50.74,-53.47,-53.33,-47.50,-49.38,-45.52,-43.38,-50.15,-51.20,-44.29,-42.87,-53.27,-47.19,-44.50,-48.25,-46.98,-48.83,-49.46,-50.12,-46.65,-42.22,-48.84,-47.24,-48.94,-47.47,-43.58,-42.19,-45.38,-44.42,-47.56
-53.74
0.361260
-48.25,-51.45,-48.55,-43.13,-53.55,-49.68,-53.55,-53.74,-46.56,-45.09,-45.48,-50.74,-53.47,-53.33,-47.50,-49.38,-45.52,-43.38,-50.15,-51.20,-44.29,-42.87,-53.27,-47.19,-44.50,-48.25,-46.98,-48.83,-49.46,-50.12,-46.65,-42.22,-48.84,-47.24,-48.94,-47.47,-43.58,-42.19,-45.38,-44.42,-47.56
-53.74
0.327991
-48.25,-51.45,-48.55,-43.13,-53.55,-49.68,-53.55,-53.74,-46.56,-45.09,-45.48,-50.74,-53.47,-53.33,-47.50,-49.38,-45.52,-43.38,-50.15,-51.20,-44.29,-42.87,-53.27,-47.19,-44.50,-48.25,-46.98,-48.83,-49.46,-50.12,-46.65,-42.22,-48.84,-47.24,-48.94,-47.47,-43.58,-42.19,-45.38,-44.42,-47.56
-53.74
0.137220
-48.25,-51.45,-48.55,-43.13,-53.55,-49.68,-53.55,-53.74,-46.56,-45.09,-45.48,-50.74,-53.47,-53.33,-47.50,-49.38,-45.52,-43.38,-50.15,-51.20,-44.29,-42.87,-53.27,-47.19,-44.50,-48.25,-46.98,-48.83,-49.46,-50.12,-46.65,-42.22,-48.84,-47.24,-48.94,-47.47,-43.58,-42.19,-45.38,-44.42,-47.56
-53.74
0.083075
-48.25,-51.45,-48.55,-43.13,-53.55,-49.68,-53.55,-53.74,-46.56,-45.09,-45.48,-50.74,-53.47,-53.33,-47.50,-49.38,-45.52,-43.38,-50.15,-51.20,-44.29,-42.87,-53.27,-47.19,-44.50,-48.25,-46.98,-48.83,-49.46,-50.12,-46.65,-42.22,-48.84,-47.24,-48.94,-47.47,-43.58,-42.19,-45.38,-44.42,-47.56
-53.74
0.062087
-48.25,-51.45,-48.55,-43.13,-53.55,-49.68,-53.55,-53.74,-46.56,-45.09,-45.48,-50.74,-53.47,-53.33,-47.50,-49.38,-45.52,-43.38,-50.15,-51.20,-44.29,-42.87,-53.27,-47.19,-44.50,-48.25,-46.98,-48.83,-49.46,-50.12,-46.65,-42.22,-48.84,-47.24,-48.94,-47.47,-43.58,-42.19,-45.38,-44.42,-47.56
-53.74
0.354811
-48.25,-51.45,-48.55,-43.13,-53.55,-49.68,-53.55,-53.74,-46.56,-45.09,-45.48,-50.74,-53.47,-53.33,-47.50,-49.38,-45.52,-43.38,-50.15,-51.20,-44.29,-42.87,-53.27,-47.19,-44.50,-48.25,-46.98,-48.83,-49.46,-50.12,-46.65,-42.22,-48.84,-47.24,-48.94,-47.47,-43.58,-42.19,-45.38,-44.42,-47.56
-53.74
0.339078
-48.25,-51.45,-48.55,-43.13,-53.55,-49.68,-53.55,-53.74,-46.56,-45.09,-45.48,-50.74,-53.47,-53.33,-47.50,-49.38,-45.52,-43.38,-50.15,-51.20,-44.29,-42.87,-53.27,-47.19,-44.50,-48.25,-46.98,-48.83,-49.46,-50.12,-46.65,-42.22,-48.84,-47.24,-48.94,-47.47,-43.58,-42.19,-45.38,-44.42,-47.56
-53.74
0.338031
-48.25,-51.45,-48.55,-43.13,-53.55,-49.68,-53.55,-53.74,-46.56,-45.09,-45.48,-50.74,-53.47,-53.33,-47.50,-49.38,-45.52,-43.38,-50.15,-51.20,-44.29,-42.87,-53.27,-47.19,-44.50,-48.25,-46.98,-48.83,-49.46,-50.12,-46.65,-42.22,-48.84,-47.24,-48.94,-47.47,-43.58,-42.19,-45.38,-44.42,-47.56
-53.74
0.135340
-48.25,-51.45,-48.55,-43.13,-53.55,-49.68,-53.55,-53.74,-46.56,-45.09,-45.48,-50.74,-53.47,-53.33,-47.50,-49.38,-45.52,-43.38,-50.15,-51.20,-44.29,-42.87,-53.27,-47.19,-44.50,-48.25,-46.98,-48.83,-49.46,-50.12,-46.65,-42.22,-48.84,-47.24,-48.94,-47.47,-43.58,-42.19,-45.38,-44.42,-47.56
-53.74
0.082248
-48.25,-51.45,-48.55,-43.13,-53.55,-49.68,-53.55,-53.74,-46.56,-45.09,-45.48,-50.74,-53.47,-53.33,-47.50,-49.38,-45.52,-43.38,-50.15,-51.20,-44.29,-42.87,-53.27,-47.19,-44.50,-48.25,-46.98,-48.83,-49.46,-50.12,-46.65,-42.22,-48.84,-47.24,-48.94,-47.47,-43.58,-42.19,-45.38,-44.42,-47.56
-53.74
0.061375
-48.25,-51.45,-48.55,-43.13,-53.55,-49.68,-53.55,-53.74,-46.56,-45.09,-45.48,-50.74,-53.47,-53.33,-47.50,-49.38,-45.52,-43.38,-50.15,-51.20,-44.29,-42.87,-53.27,-47.19,-44.50,-48.25,-46.98,-48.83,-49.46,-50.12,-46.65,-42.22,-48.84,-47.24,-48.94,-47.47,-43.58,-42.19,-45.38,-44.42,-47.56
-53.74
0.354596
-48.25,-51.45,-48.55,-43.13,-53.55,-49.68,-53.55,-53.74,-46.56,-45.09,-45.48,-50.74,-53.47,-53.33,-47.50,-49.38,-45.52,-43.38,-50.15,-51.20,-44.29,-42.87,-53.27,-47.19,-44.50,-48.25,-46.98,-48.83,-49.46,-50.12,-46.65,-42.22,-48.84,-47.24,-48.94,-47.47,-43.58,-42.19,-45.38,-44.42,-47.56
-53.74
0.338283
-48.25,-51.45,-48.55,-43.13,-53.55,-49.68,-53.55,-53.74,-46.56,-45.09,-45.48,-50.74,-53.47,-53.33,-47.50,-49.38,-45.52,-43.38,-50.15,-51.20,-44.29,-42.87,-53.27,-47.19,-44.50,-48.25,-46.98,-48.83,-49.46,-50.12,-46.65,-42.22,-48.84,-47.24,-48.94,-47.47,-43.58,-42.19,-45.38,-44.42,-47.56
-53.74
0.339308
-48.25,-51.45,-48.55,-43.13,-53.55,-49.68,-53.55,-53.74,-46.56,-45.09,-45.48,-50.74,-53.47,-53.33,-47.50,-49.38,-45.52,-43.38,-50.15,-51.20,-44.29,-42.87,-53.27,-47.19,-44.50,-48.25,-46.98,-48.83,-49.46,-50.12,-46.65,-42.22,-48.84,-47.24,-48.94,-47.47,-43.58,-42.19,-45.38,-44.42,-47.56
-53.74
0.135509
-48.25,-51.45,-48.55,-43.13,-53.55,-49.68,-53.55,-53.74,-46.56,-45.09,-45.48,-50.74,-53.47,-53.33,-47.50,-49.38,-45.52,-43.38,-50.15,-51.20,-44.29,-42.87,-53.27,-47.19,-44.50,-48.25,-46.98,-48.83,-49.46,-50.12,-46.65,-42.22,-48.84,-47.24,-48.94,-47.47,-43.58,-42.19,-45.38,-44.42,-47.56
-53.74
0.082450
-48.25,-51.45,-48.55,-43.13,-53.55,-49.68,-53.55,-53.74,-46.56,-45.09,-45.48,-50.74,-53.47,-53.33,-47.50,-49.38,-45.52,-43.38,-50.15,-51.20,-44.29,-42.87,-53.27,-47.19,-44.50,-48.25,-46.98,-48.83,-49.46,-50.12,-46.65,-42.22,-48.84,-47.24,-48.94,-47.47,-43.58,-42.19,-45.38,-44.42,-47.56
-53.74
0.082758
-48.25,-51.45,-48.55,-43.13,-53.55,-49.68,-53.55,-53.74,-46.56,-45.09,-45.48,-50.74,-53.47,-53.33,-47.50,-49.38,-45.52,-43.38,-50.15,-51.20,-44.29,-42.87,-53.27,-47.19,-44.50,-48.25,-46.98,-48.83,-49.46,-50.12,-46.65,-42.22,-48.84,-47.24,-48.94,-47.47,-43.58,-42.19,-45.38,-44.42,-47.56
-53.74
0.354640
-48.25,-51.45,-48.55,-43.13,-53.55,-49.68,-53.55,-53.74,-46.56,-45.09,-45.48,-50.74,-53.47,-53.33,-47.50,-49.38,-45.52,-43.38,-50.15,-51.20,-44.29,-42.87,-53.27,-47.19,-44.50,-48.25,-46.98,-48.83,-49.46,-50.12,-46.65,-42.22,-48.84,-47.24,-48.94,-47.47,-43.58,-42.19,-45.38,-44.42,-47.56
-53.74
0.339885
-48.25,-51.45,-48.55,-43.13,-53.55,-49.68,-53.55,-53.74,-46.56,-45.09,-45.48,-50.74,-53.47,-53.33,-47.50,-49.38,-45.52,-43.38,-50.15,-51.20,-44.29,-42.87,-53.27,-47.19,-44.50,-48.25,-46.98,-48.83,-49.46,-50.12,-46.65,-42.22,-48.84,-47.24,-48.94,-47.47,-43.58,-42.19,-45.38,-44.42,-47.56
-53.74
0.328434
-48.25,-51.45,-48.55,-43.13,-53.55,-49.68,-53.55,-53.74,-46.56,-45.09,-45.48,-50.74,-53.47,-53.33,-47.50,-49.38,-45.52,-43.38,-50.15,-51.20,-44.29,-42.87,-53.27,-47.19,-44.50,-48.25,-46.98,-48.83,-49.46,-50.12,-46.65,-42.22,-48.84,-47.24,-48.94,-47.47,-43.58,-42.19,-45.38,-44.42,-47.56
-53.74
0.136042
-48.25,-51.45,-48.55,-43.13,-53.55,-49.68,-53.55,-53.74,-46.56,-45.09,-45.48,-50.74,-53.47,-53.33,-47.50,-49.38,-45.52,-43.38,-50.15,-51.20,-44.29,-42.87,-53.27,-47.19,-44.50,-48.25,-46.98,-48.83,-49.46,-50.12,-46.65,-42.22,-48.84,-47.24,-48.94,-47.47,-43.58,-42.19,-45.38,-44.42,-47.56
-53.74
0.082207
-48.25,-51.45,-48.55,-43.13,-53.55,-49.68,-53.55,-53.74,-46.56,-45.09,-45.48,-50.74,-53.47,-53.33,-47.50,-49.38,-45.52,-43.38,-50.15,-51.20,-44.29,-42.87,-53.27,-47.19,-44.50,-48.25,-46.98,-48.83,-49.46,-50.12,-46.65,-42.22,-48.84,-47.24,-48.94,-47.47,-43.58,-42.19,-45.38,-44.42,-47.56
-53.74
0.061804
-48.25,-51.45,-48.55,-43.13,-53.55,-49.68,-53.55,-53.74,-46.56,-45.09,-45.48,-50.74,-53.47,-53.33,-47.50,-49.38,-45.52,-43.38,-50.15,-51.20,-44.29,-42.87,-53.27,-47.19,-44.50,-48.25,-46.98,-48.83,-49.46,-50.12,-46.65,-42.22,-48.84,-47.24,-48.94,-47.47,-43.58,-42.19,-45.38,-44.42,-47.56
-53.74
0.361070
-48.25,-51.45,-48.55,-43.13,-53.55,-49.68,-53.55,-53.74,-46.56,-45.09,-45.48,-50.74,-53.47,-53.33,-47.50,-49.38,-45.52,-43.38,-50.15,-51.20,-44.29,-42.87,-53.27,-47.19,-44.50,-48.25,-46.98,-48.83,-49.46,-50.12,-46.65,-42.22,-48.84,-47.24,-48.94,-47.47,-43.58,-42.19,-45.38,-44.42,-47.56
-53.74
0.361550
-48.25,-51.45,-48.55,-43.13,-53.55,-49.68,-53.55,-53.74,-46.56,-45.09,-45.48,-50.74,-53.47,-53.33,-47.50,-49.38,-45.52,-43.38,-50.15,-51.20,-44.29,-42.87,-53.27,-47.19,-44.50,-48.25,-46.98,-48.83,-49.46,-50.12,-46.65,-42.22,-48.84,-47.24,-48.94,-47.47,-43.58,-42.19,-45.38,-44.42,-47.56
-53.74
0.343676
-48.25,-51.45,-48.55,-43.13,-53.55,-49.68,-53.55,-53.74,-46.56,-45.09,-45.48,-50.74,-53.47,-53.33,-47.50,-49.38,-45.52,-43.38,-50.15,-51.20,-44.29,-42.87,-53.27,-47.19,-44.50,-48.25,-46.98,-48.83,-49.46,-50.12,-46.65,-42.22,-48.84,-47.24,-48.94,-47.47,-43.58,-42.19,-45.38,-44.42,-47.56
-53.74
0.137136
-48.25,-51.45,-48.55,-43.13,-53.55,-49.68,-53.55,-53.74,-46.56,-45.09,-45.48,-50.74,-53.47,-53.33,-47.50,-49.38,-45.52,-43.38,-50.15,-51.20,-44.29,-42.87,-53.27,-47.19,-44.50,-48.25,-46.98,-48.83,-49.46,-50.12,-46.65,-42.22,-48.84,-47.24,-48.94,-47.47,-43.58,-42.19,-45.38,-44.42,-47.56
-53.74
0.120900
-48.25,-51.45,-48.55,-43.13,-53.55,-49.68,-53.55,-53.74,-46.56,-45.09,-45.48,-50.74,-53.47,-53.33,-47.50,-49.38,-45.52,-43.38,-50.15,-51.20,-44.29,-42.87,-53.27,-47.19,-44.50,-48.25,-46.98,-48.83,-49.46,-50.12,-46.65,-42.22,-48.84,-47.24,-48.94,-47.47,-43.58,-42.19,-45.38,-44.42,-47.56
-53.74
0.086008
-48.25,-51.45,-48.55,-43.13,-53.55,-49.68,-53.55,-53.74,-46.56,-45.09,-45.48,-50.74,-53.47,-53.33,-47.50,-49.38,-45.52,-43.38,-50.15,-51.20,-44.29,-42.87,-53.27,-47.19,-44.50,-48.25,-46.98,-48.83,-49.46,-50.12,-46.65,-42.22,-48.84,-47.24,-48.94,-47.47,-43.58,-42.19,-45.38,-44.42,-47.56
-53.74
0.355731
-48.25,-51.45,-48.55,-43.13,-53.55,-49.68,-53.55,-53.74,-46.56,-45.09,-45.48,-50.74,-53.47,-53.33,-47.50,-49.38,-45.52,-43.38,-50.15,-51.20,-44.29,-42.87,-53.27,-47.19,-44.50,-48.25,-46.98,-48.83,-49.46,-50.12,-46.65,-42.22,-48.84,-47.24,-48.94,-47.47,-43.58,-42.19,-45.38,-44.42,-47.56
-53.74
0.338884
-48.25,-51.45,-48.55,-43.13,-53.55,-49.68,-53.55,-53.74,-46.56,-45.09,-45.48,-50.74,-53.47,-53.33,-47.50,-49.38,-45.52,-43.38,-50.15,-51.20,-44.29,-42.87,-53.27,-47.19,-44.50,-48.25,-46.98,-48.83,-49.46,-50.12,-46.65,-42.22,-48.84,-47.24,-48.94,-47.47,-43.58,-42.19,-45.38,-44.42,-47.56
-53.74
0.328607
-48.25,-51.45,-48.55,-43.13,-53.55,-49.68,-53.55,-53.74,-46.56,-45.09,-45.48,-50.74,-53.47,-53.33,-47.50,-49.38,-45.52,-43.38,-50.15,-51.20,-44.29,-42.87,-53.27,-47.19,-44.50,-48.25,-46.98,-48.83,-49.46,-50.12,-46.65,-42.22,-48.84,-47.24,-48.94,-47.47,-43.58,-42.19,-45.38,-44.42,-47.56
-53.74
0.135738
-48.25,-51.45,-48.55,-43.13,-53.55,-49.68,-53.55,-53.74,-46.56,-45.09,-45.48,-50.74,-53.47,-53.33,-47.50,-49.38,-45.52,-43.38,-50.15,-51.20,-44.29,-42.87,-53.27,-47.19,-44.50,-48.25,-46.98,-48.83,-49.46,-50.12,-46.65,-42.22,-48.84,-47.24,-48.94,-47.47,-43.58,-42.19,-45.38,-44.42,-47.56
-53.74
0.082785
-48.25,-51.45,-48.55,-43.13,-53.55,-49.68,-53.55,-53.74,-46.56,-45.09,-45.48,-50.74,-53.47,-53.33,-47.50,-49.38,-45.52,-43.38,-50.15,-51.20,-44.29,-42.87,-53.27,-47.19,-44.50,-48.25,-46.98,-48.83,-49.46,-50.12,-46.65,-42.22,-48.84,-47.24,-48.94,-47.47,-43.58,-42.19,-45.38,-44.42,-47.56
-53.74
0.061620
-48.25,-51.45,-48.55,-43.13,-53.55,-49.68,-53.55,-53.74,-46.56,-45.09,-45.48,-50.74,-53.47,-53.33,-47.50,-49.38,-45.52,-43.38,-50.15,-51.20,-44.29,-42.87,-53.27,-47.19,-44.50,-48.25,-46.98,-48.83,-49.46,-50.12,-46.65,-42.22,-48.84,-47.24,-48.94,-47.47,-43.58,-42.19,-45.38,-44.42,-47.56
-53.74
0.354807
-48.25,-51.45,-48.55,-43.13,-53.55,-49.68,-53.55,-53.74,-46.56,-45.09,-45.48,-50.74,-53.47,-53.33,-47.50,-49.38,-45.52,-43.38,-50.15,-51.20,-44.29,-42.87,-53.27,-47.19,-44.50,-48.25,-46.98,-48.83,-49.46,-50.12,-46.65,-42.22,-48.84,-47.24,-48.94,-47.47,-43.58,-42.19,-45.38,-44.42,-47.56
-53.74
0.338286
-48.25,-51.45,-48.55,-43.13,-53.55,-49.68,-53.55,-53.74,-46.56,-45.09,-45.48,-50.74,-53.47,-53.33,-47.50,-49.38,-45.52,-43.38,-50.15,-51.20,-44.29,-42.87,-53.27,-47.19,-44.50,-48.25,-46.98,-48.83,-49.46,-50.12,-46.65,-42.22,-48.84,-47.24,-48.94,-47.47,-43.58,-42.19,-45.38,-44.42,-47.56
-53.74
0.328617
-48.25,-51.45,-48.55,-43.13,-53.55,-49.68,-53.55,-53.74,-46.56,-45.09,-45.48,-50.74,-53.47,-53.33,-47.50,-49.38,-45.52,-43.38,-50.15,-51.20,-44.29,-42.87,-53.27,-47.19,-44.50,-48.25,-46.98,-48.83,-49.46,-50.12,-46.65,-42.22,-48.84,-47.24,-48.94,-47.47,-43.58,-42.19,-45.38,-44.42,-47.56
-53.74
0.136427
-48.25,-51.45,-48.55,-43.13,-53.55,-49.68,-53.55,-53.74,-46.56,-45.09,-45.48,-50.74,-53.47,-53.33,-47.50,-49.38,-45.52,-43.38,-50.15,-51.20,-44.29,-42.87,-53.27,-47.19,-44.50,-48.25,-46.98,-48.83,-49.46,-50.12,-46.65,-42.22,-48.84,-47.24,-48.94,-47.47,-43.58,-42.19,-45.38,-44.42,-47.56
-53.74
0.083136
-48.25,-51.45,-48.55,-43.13,-53.55,-49.68,-53.55,-53.74,-46.56,-45.09,-45.48,-50.74,-53.47,-53.33,-47.50,-49.38,-45.52,-43.38,-50.15,-51.20,-44.29,-42.87,-53.27,-47.19,-44.50,-48.25,-46.98,-48.83,-49.46,-50.12,-46.65,-42.22,-48.84,-47.24,-48.94,-47.47,-43.58,-42.19,-45.38,-44.42,-47.56
-53.74
0.062096
-48.25,-51.45,-48.55,-43.13,-53.55,-49.68,-53.55,-53.74,-46.56,-45.09,-45.48,-50.74,-53.47,-53.33,-47.50,-49.38,-45.52,-43.38,-50.15,-51.20,-44.29,-42.87,-53.27,-47.19,-44.50,-48.25,-46.98,-48.83,-49.46,-50.12,-46.65,-42.22,-48.84,-47.24,-48.94,-47.47,-43.58,-42.19,-45.38,-44.42,-47.56
-53.74
0.355178
-48.25,-51.45,-48.55,-43.13,-53.55,-49.68,-53.55,-53.74,-46.56,-45.09,-45.48,-50.74,-53.47,-53.33,-47.50,-49.38,-45.52,-43.38,-50.15,-51.20,-44.29,-42.87,-53.27,-47.19,-44.50,-48.25,-46.98,-48.83,-49.46,-50.12,-46.65,-42.22,-48.84,-47.24,-48.94,-47.47,-43.58,-42.19,-45.38,-44.42,-47.56
-53.74
0.337741
-48.25,-51.45,-48.55,-43.13,-53.55,-49.68,-53.55,-53.74,-46.56,-45.09,-45.48,-50.74,-53.47,-53.33,-47.50,-49.38,-45.52,-43.38,-50.15,-51.20,-44.29,-42.87,-53.27,-47.19,-44.50,-48.25,-46.98,-48.83,-49.46,-50.12,-46.65,-42.22,-48.84,-47.24,-48.94,-47.47,-43.58,-42.19,-45.38,-44.42,-47.56
-53.74
0.329934
-48.25,-51.45,-48.55,-43.13,-53.55,-49.68,-53.55,-53.74,-46.56,-45.09,-45.48,-50.74,-53.47,-53.33,-47.50,-49.38,-45.52,-43.38,-50.15,-51.20,-44.29,-42.87,-53.27,-47.19,-44.50,-48.25,-46.98,-48.83,-49.46,-50.12,-46.65,-42.22,-48.84,-47.24,-48.94,-47.47,-43.58,-42.19,-45.38,-44.42,-47.56
-53.74
0.136076
-48.25,-51.45,-48.55,-43.13,-53.55,-49.68,-53.55,-53.74,-46.56,-45.09,-45.48,-50.74,-53.47,-53.33,-47.50,-49.38,-45.52,-43.38,-50.15,-51.20,-44.29,-42.87,-53.27,-47.19,-44.50,-48.25,-46.98,-48.83,-49.46,-50.12,-46.65,-42.22,-48.84,-47.24,-48.94,-47.47,-43.58,-42.19,-45.38,-44.42,-47.56
-53.74
0.083155
-48.25,-51.45,-48.55,-43.13,-53.55,-49.68,-53.55,-53.74,-46.56,-45.09,-45.48,-50.74,-53.47,-53.33,-47.50,-49.38,-45.52,-43.38,-50.15,-51.20,-44.29,-42.87,-53.27,-47.19,-44.50,-48.25,-46.98,-48.83,-49.46,-50.12,-46.65,-42.22,-48.84,-47.24,-48.94,-47.47,-43.58,-42.19,-45.38,-44.42,-47.56
-53.74
0.062336
-48.25,-51.45,-48.55,-43.13,-53.55,-49.68,-53.55,-53.74,-46.56,-45.09,-45.48,-50.74,-53.47,-53.33,-47.50,-49.38,-45.52,-43.38,-50.15,-51.20,-44.29,-42.87,-53.27,-47.19,-44.50,-48.25,-46.98,-48.83,-49.46,-50.12,-46.65,-42.22,-48.84,-47.24,-48.94,-47.47,-43.58,-42.19,-45.38,-44.42,-47.56
-53.74
0.358264
-48.25,-51.45,-48.55,-43.13,-53.55,-49.68,-53.55,-53.74,-46.56,-45.09,-45.48,-50.74,-53.47,-53.33,-47.50,-49.38,-45.52,-43.38,-50.15,-51.20,-44.29,-42.87,-53.27,-47.19,-44.50,-48.25,-46.98,-48.83,-49.46,-50.12,-46.65,-42.22,-48.84,-47.24,-48.94,-47.47,-43.58,-42.19,-45.38,-44.42,-47.56
-53.74
0.338795
-48.25,-51.45,-48.55,-43.13,-53.55,-49.68,-53.55,-53.74,-46.56,-45.09,-45.48,-50.74,-53.47,-53.33,-47.50,-49.38,-45.52,-43.38,-50.15,-51.20,-44.29,-42.87,-53.27,-47.19,-44.50,-48.25,-46.98,-48.83,-49.46,-50.12,-46.65,-42.22,-48.84,-47.24,-48.94,-47.47,-43.58,-42.19,-45.38,-44.42,-47.56
-53.74
0.328351
-48.25,-51.45,-48.55,-43.13,-53.55,-49.68,-53.55,-53.74,-46.56,-45.09,-45.48,-50.74,-53.47,-53.33,-47.50,-49.38,-45.52,-43.38,-50.15,-51.20,-44.29,-42.87,-53.27,-47.19,-44.50,-48.25,-46.98,-48.83,-49.46,-50.12,-46.65,-42.22,-48.84,-47.24,-48.94,-47.47,-43.58,-42.19,-45.38,-44.42,-47.56
-53.74
0.135557
-48.25,-51.45,-48.55,-43.13,-53.55,-49.68,-53.55,-53.74,-46.56,-45.09,-45.48,-50.74,-53.47,-53.33,-47.50,-49.38,-45.52,-43.38,-50.15,-51.20,-44.29,-42.87,-53.27,-47.19,-44.50,-48.25,-46.98,-48.83,-49.46,-50.12,-46.65,-42.22,-48.84,-47.24,-48.94,-47.47,-43.58,-42.19,-45.38,-44.42,-47.56
-53.74
0.082673
-48.25,-51.45,-48.55,-43.13,-53.55,-49.68,-53.55,-53.74,-46.56,-45.09,-45.48,-50.74,-53.47,-53.33,-47.50,-49.38,-45.52,-43.38,-50.15,-51.20,-44.29,-42.87,-53.27,-47.19,-44.50,-48.25,-46.98,-48.83,-49.46,-50.12,-46.65,-42.22,-48.84,-47.24,-48.94,-47.47,-43.58,-42.19,-45.38,-44.42,-47.56
-53.74
0.061517
-48.25,-51.45,-48.55,-43.13,-53.55,-49.68,-53.55,-53.74,-46.56,-45.09,-45.48,-50.74,-53.47,-53.33,-47.50,-49.38,-45.52,-43.38,-50.15,-51.20,-44.29,-42.87,-53.27,-47.19,-44.50,-48.25,-46.98,-48.83,-49.46,-50.12,-46.65,-42.22,-48.84,-47.24,-48.94,-47.47,-43.58,-42.19,-45.38,-44.42,-47.56
-53.74
0.354391
-48.25,-51.45,-48.55,-43.13,-53.55,-49.68,-53.55,-53.74,-46.56,-45.09,-45.48,-50.74,-53.47,-53.33,-47.50,-49.38,-45.52,-43.38,-50.15,-51.20,-44.29,-42.87,-53.27,-47.19,-44.50,-48.25,-46.98,-48.83,-49.46,-50.12,-46.65,-42.22,-48.84,-47.24,-48.94,-47.47,-43.58,-42.19,-45.38,-44.42,-47.56
-53.74
0.343824
-48.25,-51.45,-48.55,-43.13,-53.55,-49.68,-53.55,-53.74,-46.56,-45.09,-45.48,-50.74,-53.47,-53.33,-47.50,-49.38,-45.52,-43.38,-50.15,-51.20,-44.29,-42.87,-53.27,-47.19,-44.50,-48.25,-46.98,-48.83,-49.46,-50.12,-46.65,-42.22,-48.84,-47.24,-48.94,-47.47,-43.58,-42.19,-45.38,-44.42,-47.56
-53.74
0.336740
