0.003643
0.011494
0.000911
0.010919
0.001589
0.005695
0.000899
0.000826
0.019267
0.008630
0.018985
0.025562
0.013719
0.011691
0.015735
0.012820
0.079594
0.073778
0.061165
0.054951
0.098054
0.073678
0.192398
0.058088
0.077602
0.086336
0.107938
0.110730
0.092701
0.072118
0.206340
0.264031
0.184448
0.197683
0.211570
0.215165
0.376038
0.334868
1.635013
2.443055
0.951601
0.490762
0.860469
0.614344
1.415202
1.913683
4.732843
4.212405
0.050069
0.080695
0.049461
0.053408
0.041924
0.031666
0.453625
0.142758
0.051456
0.053215
0.033950
0.040605
0.076765
0.070100
0.555831
0.310516
0.368621
0.191283
0.246482
0.156389
0.423098
0.430194
1.069486
0.988871
0.125263
0.180501
0.146413
0.412488
0.481377
0.561870
10.443853
1.034169
0.252642
0.584202
0.729262
0.712381
1.877128
1.218870
11.660073
9.946810
1.009678
1.000741
1.089784
0.961163
8.898129
11.537811
87.889764
80.579559
0.015550
0.064684
0.068023
0.083084
0.048578
0.036326
0.043903
0.053631
0.153676
0.202654
0.085773
0.195095
0.114548
0.254050
0.141336
0.172211
0.344186
0.711377
0.553982
0.396628
0.217921
0.337852
0.298511
0.327590
0.177869
0.202174
0.180739
0.195466
0.234258
0.180881
0.434423
1.334727
0.450009
0.281726
0.481174
0.321759
0.469615
0.557614
1.179599
4.266368
1.220184
0.474830
0.932754
0.777586
3.107395
1.571066
5.312933
6.159653
0.163880
0.051955
0.073541
0.175377
0.031780
0.040431
0.641783
0.264928
0.075924
0.078672
0.054158
0.116811
0.100108
0.094477
0.640131
0.332469
0.805683
0.424925
0.688251
0.425821
1.065826
0.938167
1.488144
1.554532
0.157202
0.414861
0.215580
0.334212
0.217189
0.348741
5.186457
1.227561
0.292768
0.334772
0.374249
0.363877
1.028111
1.206375
14.949677
13.298069
1.528566
1.201596
1.537901
1.066297
7.065566
8.076117
86.785676
